q10.sql 11949.887 3847.5390625 5964.534 4046.3671875
q11.sql 16624.690000000002 95747.6640625 9150.264000000001 95711.921875
q12.sql 15890.259999999998 95749.9140625 8897.048999999999 95696.4453125
q13.sql 9780.472 14523.3046875 10375.715 14570.6953125
q14.sql 10907.856 17520.5 12060.890000000001 17478.3046875
q15.sql 3692.81 5559.453125 3909.229 5428.5546875
q16.sql 4408.699 18217.1953125 5296.29 18263.015625
q17.sql 9052.813 19371.515625 10504.148 19431.6484375
q18.sql 8568.588 8656.140625 10091.086 8722.09375
q19.sql 5497.514 9369.9375 6800.96 9412.8125
q20.sql 5047.601000000001 25938.765625 5857.277 25955.625
q21.sql 4922.149 4939.125 5715.706 5223.6171875
q23.sql 10404.502 151335.453125 11048.877 151321.890625
q24.sql 357.40900000000005 216.328125 467.457 216.328125
q25.sql 8136.14 178771.828125 8593.975 178798.3515625
q26.sql 12652.289999999999 110790.03125 13362.746 110892.234375
q27.sql 2260.412 1781.984375 2970.056 1754.3359375
q28.sql 5404.8460000000005 85946.3515625 6104.351000000001 85978.6875
q29.sql 2919.35 1109.6328125 3566.006 1148.265625
q2.sql 104570.032 2666942.6171875 116882.607 2666958.328125
q30.sql 4173.373 4659.4609375 4485.469 4711.03125
q31.sql 6672.101 31517.15625 7024.286 31524.9296875
q32.sql 7186.9439999999995 9896.1875 15959.902 9951.1484375
q33.sql 10645.051 87264.5625 11961.804 87341.5
q34.sql 6237.514 22910.0625 6313.868 23135.8359375
q35.sql 9652.47 24096.1953125 12853.846 24412.4921875
q36.sql 13257.752 99104.9140625 17249.481 99276.1875
q37.sql 5265.638999999999 9404.859375 6059.500999999999 9316.109375
q38.sql 5178.150000000001 9038.828125 11876.375999999998 9140.90625
q39.sql 5080.599 7058.46875 5974.046 7022.4765625
q3.sql 75342.096 816787.1015625 86935.053 816752.078125
q40.sql 11962.444 9226.171875 6302.294 9260.625
q4.sql 6421.124 18553.203125 6165.095 18538.59375
q5.sql 29597.05 765386.53125 65226.353 765427.5703125
q6.sql 8625.478000000001 95798.4453125 14621.059 95792.2265625
q7.sql 22976.824999999997 192031.015625 30707.298 192038.578125
q8.sql 8198.514 9130.40625 9691.659 9178.75
q9.sql 5264.646 44387.3203125 5825.941000000001 44366.8515625
